00000000111100000000001010010011
00000000011100000000001100010011
00001111111100101100001110010011
00000000111100110110111000010011
00000000111100101111111010010011
00000000011000101000111100110011
01000000011000101000111110110011
00000000011000101111010000110011
00000000011000101110010010110011
00000000011000101100100100110011
00000000011000101001100110110011
00000000011000101101101000110011
11111111000000010000000100010011
00000000010100010010000000100011
00000000011000010001001000100011
00000000011100010000010000100011
00000000011000101000010001100011
00000000011000101001011001100011
00000000000100000000101010010011
00000000100000000000000001101111
00000000001000000000101010010011
00000000010100110100010001100011
00000000010100110101011001100011
00000000000100000000101100010011
00000000100000000000000001101111
00000000001000000000101100010011
00010010001101000101010100110111
00000001000000000000010110010111
00000010000000000000000011101111
00000000000000010010101110000011
00000000010000010001110000000011
00000000100000010000110010000011
00000001000000010000000100010011
00000101110100000000100010010011
00000000000000000000010100010011
00000000000000000000000001110011
00000010101000000000011000010011
00000000000000001000000001100111